33
8 835
8 108
72 26
1773 23
1831 77
1828 259
1723 306
301 299
270 327
268 787
337 833
1660 824
1735 766
1729 724
366 732
320 688
319 582
370 529
1597 522
1617 505
1614 468
1585 459
318 457
303 428
312 346
377 327
1869 332
1906 383
1900 1004
1839 1056
69 1051
4 992
8 835
33
102 783
97 135
129 98
1691 92
1719 120
1713 211
232 211
182 249
179 816
225 886
296 912
1657 907
1739 887
1812 785
1803 648
445 659
421 633
421 602
1723 587
1776 535
1771 442
1707 411
397 402
397 390
1770 392
1802 415
1822 465
1822 871
1755 926
1651 944
233 947
132 873
102 783
206
0 497
113 492
0 384
122 377
1 289
107 277
2 199
118 194
29 55
120 123
255 18
254 112
429 21
443 109
599 20
601 113
766 17
759 108
887 20
884 111
1186 16
1181 104
1390 18
1387 114
1578 19
1574 110
1712 19
1675 105
1840 145
1704 156
1757 307
1682 194
1562 311
1539 187
1423 313
1421 188
1285 311
1263 190
1062 312
1052 186
934 310
925 190
771 308
765 192
638 306
629 181
514 311
489 183
394 306
365 196
314 312
203 212
279 389
168 391
276 497
165 503
274 585
167 635
284 678
163 708
290 779
196 868
391 815
390 924
623 823
623 926
813 812
812 918
1001 816
1008 918
1175 816
1184 922
1359 813
1370 921
1516 810
1528 915
1604 808
1666 913
1675 789
1780 851
1722 749
1812 720
1671 729
1661 627
1523 748
1494 633
1313 735
1322 643
1164 738
1176 635
1000 746
1008 633
855 740
855 636
712 739
728 634
561 743
567 646
400 742
487 638
304 699
437 630
323 569
432 615
510 509
513 614
664 515
657 619
786 509
777 610
901 509
905 621
1114 512
1118 618
1281 509
1285 604
1464 503
1478 609
1601 505
1765 570
1587 476
1728 410
1490 464
1491 401
1410 465
1409 401
1251 463
1245 398
1068 472
1063 400
928 473
928 399
799 472
801 402
707 482
712 393
568 478
578 396
451 473
475 396
366 476
411 397
288 394
400 395
466 320
458 392
576 320
566 393
734 315
732 398
884 324
885 399
1036 318
1045 397
1185 316
1179 401
1337 321
1324 399
1488 323
1474 402
1684 318
1665 399
1891 343
1781 416
1911 467
1812 482
1914 561
1811 587
1907 696
1816 686
1909 823
1816 828
1879 1038
1776 894
1672 1065
1641 932
1546 1061
1530 927
1405 1061
1399 935
1277 1062
1274 923
1170 1063
1170 932
1057 1056
1060 942
869 1057
870 925
622 1056
643 933
422 1056
438 932
309 1060
343 933
155 1055
215 924
24 1039
148 870
1 843
127 825
0 773
106 769
2 675
115 683
0 585
111 577
