26
27 539
27 97
114 14
334 15
376 71
301 311
330 349
436 349
535 74
605 29
1020 29
1059 59
1059 173
987 234
885 275
885 417
980 524
981 633
912 685
704 684
594 606
338 599
212 652
68 651
22 581
27 539
26
126 310
125 106
148 80
251 78
263 96
199 326
267 408
468 413
531 379
613 108
679 79
939 83
973 108
972 145
865 191
791 254
791 417
879 546
881 593
846 605
745 601
639 535
318 523
191 563
121 525
126 310
70
15 338
144 336
12 235
143 242
17 128
133 148
74 34
144 97
206 7
201 91
363 33
241 97
370 136
242 134
346 204
218 201
324 259
206 261
331 316
225 383
393 332
393 432
444 301
553 332
486 186
597 217
527 84
622 116
650 23
681 97
797 21
792 93
929 22
925 95
1065 67
957 112
1021 217
922 156
905 284
788 205
893 329
774 329
896 416
772 449
967 470
834 521
996 594
867 569
871 690
845 589
772 697
778 585
688 683
731 578
625 638
682 547
576 622
591 514
363 609
366 504
293 631
239 523
171 666
184 533
48 652
152 523
19 520
138 497
15 428
143 418
